PQF_22-8 0.05 0.83 0.05
PQF_22-8-FQR 0.05 0.83 0.05

PQF_22-8BB 0.05 0.895 0.05
PQF_22-8BB-FQR 0.05 0.895 0.05

PQF_31-8 0.05 0.82 0.05
PQF_31-8-FQR 0.05 0.82 0.05

PQF_62-8 0.05 0.91 0.05
PQF_62-8-FQR 0.05 0.91 0.05

PQF_53-8 0.05 0.915 0.05
PQF_53-8-FQR 0.05 0.915 0.05

PQF16 0.05 0.88 0.05
PQF16-FRQ 0.06 0.88 0.05

VQF 0.05 0.93 0.05

PF-TC 0.05 1.0 0.05
PF-CF12F 0.05 1.0 0.05
PF-BBFF 0.05 1.0 0.05
CF-12-Flex 0.05 1.0 0.05
BBF-Flex 0.05 1.0 0.05

OrigCF12 0.05 0.945 0.05
OrigCF16 0.05 0.945 0.05

Morton 0.05 0.9 0.05
Morton18 0.05 0.9 0.05